0 0
1 3
2 2
3 0
4 3
5 2
6 1
7 0
8 0
9 0
10 1
11 1
12 1
13 1
14 1
15 1
16 1
17 1
18 0
19 0
20 0
21 0
22 0
23 1
24 0
25 0
26 0
27 1
28 1
29 1
30 1
31 1
32 3
33 0
34 0
35 1
36 2
37 1
38 3
39 2
40 2
41 0
42 0
43 1
44 1
45 2
46 3
47 1
48 1
49 0
50 1
51 2
52 0
53 0
54 0
55 1
56 0
57 1
58 3
59 2
60 2
61 2
62 3
63 0
64 3
65 0
66 3
67 2
68 2
69 2
70 0
71 2
72 1
73 1
74 1
75 3
76 3
77 0
78 0
79 1
80 0
81 0
82 0
83 1
84 2
85 3
86 1
87 3
88 3
89 0
90 2
91 0
92 0
93 3
94 2
95 3
96 2
97 1
98 2
99 2
100 1
101 2
102 1
103 2
104 3
105 2
106 2
107 1
108 2
109 2
110 2
111 2
112 0
113 2
114 2
115 1
116 0
117 0
118 0
119 3
120 0
121 2
122 2
123 1
124 1
125 2
126 3
127 0
128 3
129 1
130 2
131 2
132 0
133 1
134 1
135 3
136 2
137 2
138 3
139 3
140 2
141 0
142 1
143 1
144 3
145 3
146 0
147 3
148 0
149 3
150 1
151 1
152 2
153 0
154 3
155 1
156 3
157 3
158 2
159 3
160 0
161 0
162 0
163 0
164 3
165 1
166 2
167 0
168 3
169 0
170 3
171 0
172 3
173 0
174 3
175 0
176 2
177 1
178 0
179 2
180 1
181 2
182 0
183 1
184 1
185 1
186 2
187 3
188 2
189 0
190 0
191 3
192 2
193 3
194 2
195 2
196 0
197 1
198 0
199 3
200 1
201 1
202 3
203 0
204 0
205 3
206 1
207 2
208 3
209 0
210 3
211 1
212 2
213 1
214 1
215 2
216 1
217 1
218 1
219 1
220 0
221 3
222 3
223 2
224 0
225 2
226 3
227 2
228 2
229 2
230 3
231 1
232 1
233 3
234 3
235 0
236 2
237 3
238 0
239 3
240 0
241 2
242 1
243 1
244 3
245 3
246 3
247 1
248 0
249 0
250 0
251 3
252 2
253 1
254 3
255 2
256 2
257 0
258 1
259 3
260 2
261 2
262 3
263 3
264 3
265 0
266 3
267 0
268 1
269 3
270 3
271 2
272 3
273 0
274 3
275 1
276 3
277 3
278 3
279 2
280 0
281 2
282 1
283 0
284 2
285 3
286 0
287 1
288 0
289 2
290 2
291 1
292 3
293 1
294 1
295 2
296 2
297 2
298 2
299 2
300 1
301 0
302 0
303 0
304 1
305 1
306 1
307 2
308 2
309 2
310 0
311 1
312 3
313 1
314 3
315 1
316 1
317 3
318 2
319 2
320 1
321 0
322 1
323 2
324 0
325 2
326 2
327 3
328 3
329 3
330 1
331 2
332 0
333 3
334 3
335 2
336 2
337 0
338 2
339 0
340 0
341 1
342 2
343 0
344 1
345 1
346 2
347 1
348 2
349 3
350 2
351 1
352 1
353 1
354 1
355 3
356 0
357 3
358 2
359 3
360 1
361 0
362 2
363 0
364 1
365 0
366 1
367 1
368 3
369 3
370 0
371 2
372 1
373 2
374 1
375 0
376 3
377 0
378 2
379 2
380 2
381 1
382 1
383 3
384 3
385 3
386 1
387 3
388 3
389 3
390 0
391 2
392 0
393 1
394 1
395 3
396 3
397 0
398 3
399 3
400 3
401 2
402 2
403 1
404 0
405 3
406 0
407 2
408 3
409 0
410 2
411 1
412 1
413 3
414 3
415 0
416 1
417 3
418 1
419 0
420 0
421 0
422 3
423 1
424 3
425 3
426 0
427 1
428 2
429 3
430 1
431 1
432 2
433 1
434 1
435 3
436 1
437 2
438 3
439 0
440 0
441 0
442 3
443 2
444 1
445 2
446 0
447 3
448 1
449 2
450 2
451 0
452 2
453 0
454 1
455 2
456 2
457 3
458 1
459 1
460 1
461 2
462 3
463 1
464 3
465 1
466 3
467 0
468 2
469 0
470 2
471 2
472 2
473 3
474 0
475 3
476 2
477 3
478 2
479 0
480 0
481 0
482 2
483 0
484 1
485 2
486 0
487 0
488 0
489 0
490 3
491 3
492 0
493 3
494 1
495 1
496 3
497 2
498 3
499 0
500 1
501 3
502 2
503 2
504 1
505 0
506 0
507 2
508 1
509 3
510 0
511 0
512 1
513 3
514 3
515 3
516 1
517 0
518 0
519 3
520 1
521 2
522 2
523 3
524 3
525 3
526 1
527 2
528 0
529 3
530 0
531 3
532 1
533 3
534 3
535 2
536 0
537 1
538 0
539 3
540 3
541 0
542 1
543 2
544 3
545 2
546 3
547 3
548 2
549 2
550 0
551 0
552 2
553 1
554 1
555 1
556 2
557 1
558 2
559 2
560 0
561 0
562 0
563 3
564 3
565 2
566 0
567 2
568 3
569 2
570 1
571 1
572 1
573 0
574 1
575 3
576 2
577 1
578 2
579 3
580 1
581 3
582 2
583 0
584 0
585 1
586 1
587 3
588 3
589 2
590 2
591 1
592 2
593 0
594 3
595 3
596 3
597 0
598 2
599 0
600 0
601 3
602 2
603 1
604 2
605 2
606 0
607 1
608 0
609 2
610 0
611 0
612 1
613 2
614 0
615 1
616 2
617 2
618 3
619 2
620 0
621 0
622 1
623 1
624 1
625 0
626 2
627 1
628 1
629 2
630 3
631 1
632 0
633 0
634 1
635 2
636 1
637 0
638 0
639 3
640 2
641 3
642 0
643 1
644 0
645 2
646 2
647 0
648 1
649 3
650 2
651 3
652 3
653 2
654 1
655 1
656 1
657 2
658 3
659 3
660 2
661 3
662 0
663 2
664 2
665 0
666 0
667 1
668 0
669 0
670 1
671 2
672 0
673 2
674 3
675 1
676 2
677 0
678 2
679 3
680 1
681 2
682 0
683 0
684 2
685 2
686 0
687 0
688 0
689 1
690 2
691 0
692 0
693 2
694 2
695 2
696 1
697 2
698 0
699 0
700 1
701 2
702 1
703 1
704 0
705 1
706 2
707 0
708 0
709 1
710 0
711 0
712 2
713 0
714 3
715 3
716 3
717 3
718 3
719 1
720 2
721 0
722 3
723 2
724 3
725 1
726 1
727 3
728 0
729 1
730 1
731 1
732 0
733 3
734 2
735 0
736 3
737 1
738 2
739 1
740 2
741 0
742 2
743 0
744 0
745 0
746 0
747 0
748 1
749 0
750 0
751 2
752 1
753 1
754 2
755 2
756 1
757 2
758 2
759 2
760 2
761 0
762 3
763 3
764 3
765 2
766 2
767 0
768 2
769 3
770 1
771 0
772 0
773 2
774 1
775 3
776 3
777 2
778 0
779 3
780 1
781 2
782 3
783 1
784 0
785 0
786 2
787 1
788 0
789 3
790 1
791 2
792 0
793 1
794 3
795 2
796 2
797 2
798 2
799 0
800 0
801 2
802 2
803 0
804 3
805 0
806 3
807 1
808 2
809 0
810 3
811 3
812 1
813 3
814 3
815 0
816 3
817 1
818 1
819 3
820 1
821 2
822 1
823 0
824 0
825 2
826 2
827 0
828 0
829 0
830 0
831 1
832 1
833 2
834 3
835 1
836 2
837 3
838 2
839 2
840 3
841 1
842 0
843 2
844 3
845 0
846 0
847 2
848 2
849 3
850 1
851 0
852 1
853 1
854 0
855 2
856 1
857 3
858 0
859 1
860 3
861 3
862 2
863 2
864 2
865 3
866 1
867 1
868 0
869 0
870 1
871 0
872 2
873 0
874 0
875 0
876 0
877 1
878 0
879 0
880 3
881 1
882 3
883 3
884 2
885 0
886 3
887 3
888 1
889 2
890 0
891 2
892 2
893 0
894 3
895 0
896 2
897 3
898 1
899 0
900 1
901 0
902 1
903 0
904 2
905 2
906 0
907 0
908 1
909 0
910 2
911 3
912 1
913 3
914 2
915 3
916 3
917 2
918 3
919 0
920 1
921 2
922 3
923 1
924 1
925 1
926 1
927 1
928 0
929 1
930 0
931 3
932 1
933 1
934 1
935 2
936 0
937 0
938 0
939 0
940 0
941 0
942 3
943 1
944 3
945 3
946 3
947 2
948 1
949 3
950 3
951 0
952 3
953 3
954 3
955 1
956 2
957 3
958 3
959 2
960 2
961 0
962 3
963 1
964 1
965 3
966 0
967 0
968 0
969 0
970 3
971 0
972 0
973 1
974 0
975 2
976 0
977 3
978 3
979 3
980 0
981 3
982 2
983 3
984 0
985 3
986 1
987 3
988 0
989 0
990 2
991 3
992 2
993 1
994 0
995 0
996 0
997 3
998 2
999 1
1000 2
1001 3
1002 1
1003 0
1004 2
1005 0
1006 3
1007 0
1008 0
1009 1
1010 1
1011 1
1012 1
1013 2
1014 3
1015 1
1016 3
1017 1
1018 1
1019 1
1020 1
1021 2
1022 3
1023 0
1024 3
1025 0
1026 1
1027 2
1028 2
1029 0
1030 3
1031 1
1032 2
1033 1
1034 1
1035 0
1036 0
1037 2
1038 0
1039 1
1040 2
1041 1
1042 1
1043 2
1044 0
1045 1
1046 1
1047 3
1048 2
1049 3
1050 2
1051 0
1052 1
1053 2
1054 0
1055 3
1056 0
1057 1
1058 1
1059 0
1060 3
1061 1
1062 1
1063 2
1064 0
1065 3
1066 0
1067 0
1068 0
1069 2
1070 0
1071 2
1072 3
1073 3
1074 2
1075 3
1076 0
1077 2
1078 1
1079 2
1080 2
1081 3
1082 2
1083 2
1084 3
1085 1
1086 2
1087 0
1088 3
1089 3
1090 3
1091 3
1092 3
1093 0
1094 1
1095 2
1096 0
1097 1
1098 2
1099 2
1100 2
1101 2
1102 3
1103 3
1104 0
1105 0
1106 2
1107 3
1108 1
1109 0
1110 3
1111 3
1112 2
1113 3
1114 2
1115 3
1116 1
1117 0
1118 1
1119 1
1120 3
1121 0
1122 3
1123 0
1124 2
1125 1
1126 0
1127 1
1128 3
1129 3
1130 1
1131 3
1132 3
1133 2
1134 2
1135 1
1136 2
1137 1
1138 3
1139 3
1140 3
1141 1
1142 2
1143 0
1144 1
1145 2
1146 2
1147 2
1148 0
1149 2
1150 3
1151 2
1152 2
1153 1
1154 2
1155 1
1156 3
1157 0
1158 1
1159 0
1160 0
1161 3
1162 3
1163 1
1164 2
1165 3
1166 0
1167 0
1168 0
1169 2
1170 3
1171 2
1172 3
1173 3
1174 2
1175 0
1176 3
1177 1
1178 0
1179 0
1180 1
1181 2
1182 3
1183 1
1184 3
1185 2
1186 0
1187 2
1188 3
1189 1
1190 1
1191 1
1192 1
1193 0
1194 0
1195 3
1196 1
1197 0
1198 0
1199 3
1200 1
1201 0
1202 2
1203 3
1204 2
1205 1
1206 2
1207 2
1208 1
1209 3
1210 0
1211 2
1212 2
1213 0
1214 1
1215 1
1216 1
1217 0
1218 3
1219 3
1220 2
1221 0
1222 2
1223 3
1224 2
1225 1
1226 3
1227 1
1228 3
1229 2
1230 3
1231 1
1232 3
1233 0
1234 1
1235 3
1236 0
1237 0
1238 3
1239 0
1240 1
1241 3
1242 2
1243 2
1244 3
1245 2
1246 0
1247 0
1248 2
1249 2
1250 0
1251 1
1252 0
1253 1
1254 0
1255 2
1256 3
1257 0
1258 1
1259 2
1260 3
1261 2
1262 2
1263 1
1264 1
1265 1
1266 0
1267 2
1268 0
1269 2
1270 2
1271 1
1272 3
1273 0
1274 2
1275 1
1276 0
1277 1
1278 0
1279 0
1280 0
1281 2
1282 3
1283 0
1284 2
1285 3
1286 3
1287 0
1288 2
1289 3
1290 3
1291 2
1292 2
1293 2
1294 2
1295 2
1296 2
1297 0
1298 1
1299 3
1300 1
1301 1
1302 3
1303 2
1304 2
1305 0
1306 0
1307 0
1308 1
1309 3
1310 0
1311 1
1312 2
1313 1
1314 0
1315 1
1316 1
1317 1
1318 1
1319 1
1320 0
1321 3
1322 2
1323 1
1324 1
1325 1
1326 2
1327 0
1328 1
1329 0
1330 1
1331 1
1332 3
1333 0
1334 1
1335 2
1336 1
1337 2
1338 2
1339 0
1340 3
1341 1
1342 2
1343 2
1344 3
1345 1
1346 3
1347 0
1348 3
1349 2
1350 3
1351 1
1352 1
1353 1
1354 2
1355 1
1356 1
1357 3
1358 2
1359 0
1360 3
1361 1
1362 3
1363 1
1364 2
1365 2
1366 2
1367 2
1368 3
1369 2
1370 0
1371 2
1372 3
1373 3
1374 2
1375 2
1376 3
1377 3
1378 3
1379 2
1380 2
1381 3
1382 0
1383 3
1384 2
1385 3
1386 2
1387 1
1388 2
1389 0
1390 3
1391 1
1392 1
1393 2
1394 2
1395 3
1396 3
1397 1
1398 2
1399 0
1400 3
1401 3
1402 0
1403 2
1404 1
1405 2
1406 3
1407 3
1408 0
1409 0
1410 0
1411 0
1412 3
1413 3
1414 3
1415 0
1416 1
1417 1
1418 2
1419 3
1420 3
1421 1
1422 1
1423 2
1424 2
1425 0
1426 3
1427 1
1428 0
1429 1
1430 1
1431 2
1432 0
1433 2
1434 0
1435 2
1436 2
1437 0
1438 0
1439 3
1440 1
1441 1
1442 3
1443 0
1444 0
1445 3
1446 3
1447 0
1448 0
1449 0
1450 2
1451 0
1452 2
1453 3
1454 3
1455 1
1456 1
1457 3
1458 0
1459 2
1460 1
1461 3
1462 1
1463 1
1464 2
1465 3
1466 0
1467 0
1468 3
1469 1
1470 2
1471 3
1472 3
1473 1
1474 3
1475 2
1476 2
1477 1
1478 3
1479 0
1480 3
1481 1
1482 2
1483 3
1484 1
1485 3
1486 1
1487 3
1488 2
1489 3
1490 3
1491 1
1492 2
1493 0
1494 2
1495 2
1496 3
1497 0
1498 0
1499 3
1500 3
1501 2
1502 1
1503 2
1504 3
1505 1
1506 0
1507 2
1508 3
1509 1
1510 2
1511 2
1512 3
1513 2
1514 3
1515 1
1516 2
1517 2
1518 3
1519 3
1520 1
1521 2
1522 0
1523 1
1524 0
1525 1
1526 1
1527 3
1528 0
1529 1
1530 2
1531 3
1532 3
1533 0
1534 2
1535 3
1536 0
1537 1
1538 2
1539 3
1540 1
1541 1
1542 0
1543 2
1544 2
1545 2
1546 0
1547 0
1548 3
1549 1
1550 0
1551 3
1552 2
1553 3
1554 3
1555 0
1556 3
1557 3
1558 2
1559 1
1560 1
1561 2
1562 1
1563 0
1564 0
1565 1
1566 3
1567 1
1568 0
1569 3
1570 3
1571 1
1572 0
1573 3
1574 3
1575 2
1576 1
1577 2
1578 2
1579 1
1580 1
1581 1
1582 3
1583 1
1584 0
1585 2
1586 1
1587 1
1588 2
1589 0
1590 0
1591 2
1592 3
1593 1
1594 2
1595 1
1596 1
1597 2
1598 1
1599 1
1600 2
1601 2
1602 1
1603 2
1604 1
1605 3
1606 3
1607 2
1608 2
1609 2
1610 3
1611 0
1612 1
1613 1
1614 0
1615 1
1616 2
1617 2
1618 1
1619 3
1620 1
1621 2
1622 0
1623 3
1624 0
1625 0
1626 3
1627 2
1628 1
1629 1
1630 1
1631 1
1632 0
1633 0
1634 2
1635 0
1636 3
1637 1
1638 0
1639 2
1640 1
1641 0
1642 2
1643 1
1644 1
1645 0
1646 0
1647 2
1648 3
1649 2
1650 1
1651 0
1652 3
1653 3
1654 1
1655 1
1656 3
1657 2
1658 3
1659 0
1660 0
1661 0
1662 1
1663 0
1664 2
1665 3
1666 1
1667 3
1668 2
1669 3
1670 3
1671 3
1672 2
1673 1
1674 0
1675 3
1676 0
1677 2
1678 1
1679 1
1680 2
1681 3
1682 1
1683 0
1684 2
1685 2
1686 2
1687 1
1688 1
1689 3
1690 2
1691 0
1692 0
1693 1
1694 3
1695 0
1696 2
1697 2
1698 2
1699 3
1700 2
1701 1
1702 0
1703 1
1704 0
1705 3
1706 0
1707 2
1708 3
1709 2
1710 0
1711 1
1712 0
1713 0
1714 1
1715 2
1716 2
1717 0
1718 3
1719 2
1720 3
1721 1
1722 3
1723 1
1724 1
1725 0
1726 1
1727 0
1728 3
1729 0
1730 0
1731 3
1732 2
1733 1
1734 2
1735 0
1736 0
1737 0
1738 3
1739 0
1740 3
1741 1
1742 1
1743 2
1744 3
1745 1
1746 0
1747 2
1748 1
1749 0
1750 0
1751 3
1752 0
1753 3
1754 0
1755 0
1756 2
1757 0
1758 2
1759 2
1760 1
1761 2
1762 0
1763 2
1764 1
1765 0
1766 3
1767 3
1768 2
1769 3
1770 1
1771 0
1772 1
1773 3
1774 1
1775 0
1776 2
1777 1
1778 1
1779 3
1780 2
1781 2
1782 0
1783 1
1784 2
1785 0
1786 2
1787 1
1788 0
1789 1
1790 2
1791 2
1792 3
1793 0
1794 0
1795 1
1796 1
1797 1
1798 3
1799 3
1800 0
1801 1
1802 3
1803 1
1804 0
1805 1
1806 3
1807 0
1808 0
1809 2
1810 1
1811 2
1812 1
1813 2
1814 0
1815 2
1816 2
1817 2
1818 2
1819 2
1820 0
1821 2
1822 3
1823 3
1824 3
1825 2
1826 0
1827 3
1828 0
1829 2
1830 1
1831 2
1832 0
1833 3
1834 2
1835 0
1836 3
1837 2
1838 1
1839 0
1840 0
1841 0
1842 1
1843 2
1844 1
1845 3
1846 0
1847 2
1848 2
1849 2
1850 0
1851 2
1852 1
1853 3
1854 0
1855 1
1856 3
1857 0
1858 1
1859 0
1860 3
1861 0
1862 1
1863 0
1864 1
1865 2
1866 1
1867 0
1868 1
1869 0
1870 2
1871 2
1872 0
1873 3
1874 2
1875 2
1876 1
1877 1
1878 1
1879 2
1880 3
1881 3
1882 1
1883 3
1884 2
1885 2
1886 2
1887 0
1888 2
1889 3
1890 1
1891 1
1892 2
1893 2
1894 0
1895 2
1896 0
1897 1
1898 2
1899 0
1900 2
1901 1
1902 0
1903 3
1904 1
1905 0
1906 2
1907 0
1908 2
1909 1
1910 3
1911 3
1912 0
1913 2
1914 1
1915 1
1916 1
1917 3
1918 0
1919 3
1920 3
1921 3
1922 1
1923 3
1924 3
1925 0
1926 1
1927 0
1928 3
1929 0
1930 3
1931 2
1932 2
1933 3
1934 3
1935 1
1936 2
1937 1
1938 2
1939 0
1940 2
1941 3
1942 3
1943 1
1944 3
1945 1
1946 0
1947 1
1948 1
1949 2
1950 2
1951 1
1952 2
1953 1
1954 2
1955 1
1956 0
1957 2
1958 0
1959 2
1960 0
1961 0
1962 2
1963 3
1964 1
1965 1
1966 1
1967 2
1968 0
1969 2
1970 3
1971 1
1972 2
1973 2
1974 3
1975 3
1976 1
1977 1
1978 1
1979 3
1980 3
1981 1
1982 1
1983 0
1984 1
1985 3
1986 2
1987 3
1988 2
1989 0
1990 0
1991 2
1992 2
1993 2
1994 3
1995 3
1996 2
1997 2
1998 0
1999 0
2000 2
2001 0
2002 1
2003 3
2004 3
2005 1
2006 1
2007 1
2008 0
2009 2
2010 3
2011 1
2012 0
2013 2
2014 1
2015 1
2016 0
2017 3
2018 0
2019 3
2020 0
2021 0
2022 1
2023 0
2024 3
2025 2
2026 3
2027 1
2028 3
2029 2
2030 2
2031 3
2032 1
2033 0
2034 2
2035 3
2036 1
2037 2
2038 2
2039 1
2040 2
2041 3
2042 0
2043 0
2044 1
2045 2
2046 3
2047 3
2048 0
2049 0
2050 3
2051 0
2052 2
2053 2
2054 2
2055 2
2056 0
2057 1
2058 2
2059 0
2060 1
2061 2
2062 0
2063 0
2064 2
2065 1
2066 0
2067 2
2068 3
2069 1
2070 2
2071 3
2072 1
2073 2
2074 3
2075 3
2076 2
2077 1
2078 0
2079 3
2080 1
2081 1
2082 0
2083 3
2084 3
2085 2
2086 2
2087 0
2088 3
2089 2
2090 2
2091 2
2092 3
2093 3
2094 3
2095 3
2096 1
2097 1
2098 1
2099 0
2100 3
2101 2
2102 1
2103 2
2104 3
2105 1
2106 0
2107 1
2108 3
2109 2
2110 3
2111 3
2112 2
2113 1
2114 1
2115 1
2116 1
2117 3
2118 1
2119 2
2120 0
2121 3
2122 3
2123 2
2124 1
2125 1
2126 1
2127 3
2128 0
2129 1
2130 1
2131 0
2132 1
2133 3
2134 1
2135 3
2136 3
2137 3
2138 2
2139 1
2140 3
2141 2
2142 0
2143 3
2144 3
2145 0
2146 3
2147 2
2148 3
2149 1
2150 1
2151 0
2152 2
2153 1
2154 0
2155 1
2156 0
2157 3
2158 1
2159 2
2160 0
2161 1
2162 2
2163 1
2164 2
2165 2
2166 1
2167 2
2168 1
2169 3
2170 0
2171 1
2172 2
2173 3
2174 0
2175 3
2176 1
2177 2
2178 2
2179 1
2180 2
2181 1
2182 1
2183 1
2184 0
2185 1
2186 1
2187 0
2188 0
2189 1
2190 3
2191 3
2192 3
2193 1
2194 2
2195 3
2196 0
2197 1
2198 3
2199 2
2200 2
2201 3
2202 0
2203 3
2204 1
2205 2
2206 2
2207 3
2208 3
2209 2
2210 3
2211 2
2212 3
2213 2
2214 0
2215 1
2216 3
2217 3
2218 1
2219 2
2220 3
2221 3
2222 2
2223 0
2224 2
2225 3
2226 2
2227 0
2228 0
2229 1
2230 3
2231 3
2232 3
2233 3
2234 2
2235 3
2236 2
2237 2
2238 2
2239 3
2240 2
2241 2
2242 0
2243 3
2244 0
2245 0
2246 1
2247 1
2248 3
2249 0
2250 1
2251 1
2252 3
2253 2
2254 2
2255 3
2256 1
2257 2
2258 0
2259 0
2260 1
2261 3
2262 2
2263 0
2264 2
2265 0
2266 1
2267 3
2268 3
2269 1
2270 3
2271 3
2272 3
2273 1
2274 1
2275 1
2276 1
2277 3
2278 3
2279 3
2280 1
2281 1
2282 2
2283 1
2284 1
2285 0
2286 3
2287 2
2288 0
2289 2
2290 3
2291 2
2292 3
2293 0
2294 0
2295 1
2296 0
2297 0
2298 1
2299 2
2300 2
2301 3
2302 3
2303 1
2304 2
2305 2
2306 1
2307 3
2308 0
2309 2
2310 1
2311 3
2312 0
2313 2
2314 0
2315 2
2316 3
2317 2
2318 2
2319 1
2320 0
2321 0
2322 3
2323 0
2324 3
2325 0
2326 0
2327 0
2328 1
2329 2
2330 0
2331 1
2332 0
2333 1
2334 2
2335 3
2336 1
2337 0
2338 3
2339 0
2340 2
2341 2
2342 3
2343 0
2344 3
2345 1
2346 1
2347 2
2348 1
2349 1
2350 3
2351 0
2352 0
2353 3
2354 1
2355 3
2356 3
2357 2
2358 2
2359 1
2360 1
2361 0
2362 0
2363 0
2364 2
2365 0
2366 0
2367 2
2368 2
2369 2
2370 0
2371 3
2372 1
2373 1
2374 2
2375 3
2376 2
2377 0
2378 3
2379 3
2380 1
2381 0
2382 0
2383 3
2384 3
2385 0
2386 0
2387 2
2388 0
2389 0
2390 2
2391 3
2392 1
2393 1
2394 3
2395 3
2396 1
2397 2
2398 3
2399 2
2400 2
2401 0
2402 1
2403 0
2404 3
2405 1
2406 2
2407 3
2408 2
2409 2
2410 2
2411 3
2412 3
2413 1
2414 1
2415 0
2416 0
2417 1
2418 1
2419 1
2420 1
2421 2
2422 3
2423 1
2424 1
2425 1
2426 1
2427 3
2428 1
2429 2
2430 3
2431 1
2432 2
2433 2
2434 1
2435 0
2436 1
2437 3
2438 2
2439 3
2440 3
2441 0
2442 0
2443 1
2444 0
2445 1
2446 2
2447 2
2448 3
2449 0
2450 0
2451 0
2452 0
2453 2
2454 3
2455 2
2456 1
2457 0
2458 3
2459 3
2460 2
2461 0
2462 2
2463 1
2464 3
2465 1
2466 3
2467 1
2468 3
2469 2
2470 3
2471 2
2472 1
2473 1
2474 1
2475 0
2476 3
2477 0
2478 2
2479 3
2480 1
2481 2
2482 1
2483 2
2484 3
2485 1
2486 0
2487 3
2488 2
2489 3
2490 3
2491 3
2492 1
2493 2
2494 2
2495 2
2496 3
2497 0
2498 2
2499 1
2500 1
2501 0
2502 3
2503 2
2504 1
2505 3
2506 3
2507 2
2508 1
2509 0
2510 1
2511 1
2512 2
2513 3
2514 3
2515 3
2516 3
2517 3
2518 3
2519 3
2520 1
2521 3
2522 3
2523 1
2524 2
2525 1
2526 1
2527 3
2528 2
2529 1
2530 3
2531 3
2532 0
2533 0
2534 3
2535 1
2536 1
2537 2
2538 0
2539 2
2540 0
2541 0
2542 2
2543 0
2544 3
2545 1
2546 0
2547 3
2548 2
2549 3
2550 1
2551 3
2552 3
2553 2
2554 2
2555 3
2556 2
2557 1
2558 1
2559 0
2560 1
2561 3
2562 3
2563 2
2564 1
2565 0
2566 1
2567 2
2568 2
2569 3
2570 0
2571 2
2572 1
2573 1
2574 0
2575 1
2576 3
2577 3
2578 2
2579 2
2580 2
2581 2
2582 3
2583 1
2584 2
2585 0
2586 2
2587 2
2588 1
2589 2
2590 0
2591 3
2592 3
2593 1
2594 1
2595 0
2596 2
2597 0
2598 3
2599 1
2600 3
2601 1
2602 1
2603 0
2604 1
2605 3
2606 0
2607 0
2608 2
2609 0
2610 0
2611 0
2612 2
2613 3
2614 1
2615 2
2616 1
2617 0
2618 0
2619 3
2620 2
2621 3
2622 3
2623 0
2624 1
2625 3
2626 3
2627 2
2628 0
2629 3
2630 2
2631 1
2632 1
2633 2
2634 2
2635 3
2636 3
2637 1
2638 1
2639 3
2640 0
2641 1
2642 0
2643 0
2644 2
2645 3
2646 1
2647 3
2648 0
2649 1
2650 1
2651 0
2652 1
2653 3
2654 1
2655 0
2656 2
2657 2
2658 0
2659 3
2660 2
2661 3
2662 0
2663 3
2664 1
2665 1
2666 0
2667 0
2668 1
2669 0
2670 0
2671 0
2672 3
2673 2
2674 0
2675 2
2676 3
2677 2
2678 3
2679 3
2680 1
2681 1
2682 0
2683 1
2684 0
2685 0
2686 3
2687 3
2688 2
2689 3
2690 1
2691 0
2692 0
2693 3
2694 0
2695 3
2696 2
2697 1
2698 3
2699 2
2700 2
2701 1
2702 0
2703 0
2704 2
2705 3
2706 2
2707 2
2708 1
2709 1
2710 0
2711 3
2712 0
2713 0
2714 3
2715 0
2716 3
2717 3
2718 1
2719 0
2720 1
2721 2
2722 3
2723 3
2724 3
2725 0
2726 1
2727 1
2728 1
2729 2
2730 2
2731 2
2732 3
2733 0
2734 1
2735 0
2736 0
2737 1
2738 1
2739 2
2740 3
2741 3
2742 0
2743 3
2744 2
2745 2
2746 2
2747 1
2748 0
2749 3
2750 0
2751 3
2752 2
2753 3
2754 2
2755 1
2756 0
2757 1
2758 1
2759 3
2760 0
2761 2
2762 3
2763 1
2764 1
2765 1
2766 1
2767 0
2768 3
2769 3
2770 1
2771 2
2772 2
2773 1
2774 3
2775 3
2776 3
2777 0
2778 0
2779 2
2780 3
2781 3
2782 3
2783 2
2784 0
2785 1
2786 3
2787 0
2788 1
2789 2
2790 3
2791 3
2792 2
2793 1
2794 3
2795 2
2796 0
2797 2
2798 0
2799 1
2800 1
2801 0
2802 2
2803 3
2804 1
2805 0
2806 2
2807 0
2808 1
2809 3
2810 2
2811 0
2812 1
2813 1
2814 1
2815 0
2816 0
2817 1
2818 3
2819 0
2820 2
2821 0
2822 2
2823 3
2824 3
2825 2
2826 0
2827 3
2828 0
2829 3
2830 3
2831 3
2832 0
2833 2
2834 1
2835 3
2836 0
2837 1
2838 3
2839 3
2840 1
2841 1
2842 3
2843 1
2844 3
2845 0
2846 1
2847 2
2848 0
2849 1
2850 3
2851 2
2852 2
2853 2
2854 0
2855 1
2856 0
2857 2
2858 2
2859 3
2860 1
2861 0
2862 1
2863 0
2864 3
2865 2
2866 0
2867 2
2868 1
2869 1
2870 1
2871 2
2872 1
2873 3
2874 2
2875 2
2876 0
2877 2
2878 0
2879 3
2880 1
2881 3
2882 2
2883 0
2884 0
2885 2
2886 1
2887 1
2888 0
2889 2
2890 0
2891 2
2892 3
2893 1
2894 0
2895 2
2896 3
2897 1
2898 3
2899 1
2900 2
2901 1
2902 2
2903 1
2904 0
2905 3
2906 2
2907 0
2908 3
2909 2
2910 3
2911 0
2912 0
2913 1
2914 2
2915 0
2916 2
2917 1
2918 1
2919 0
2920 2
2921 2
2922 0
2923 1
2924 1
2925 3
2926 0
2927 3
2928 3
2929 2
2930 0
2931 3
2932 2
2933 1
2934 1
2935 1
2936 0
2937 1
2938 2
2939 0
2940 0
2941 1
2942 1
2943 1
2944 3
2945 0
2946 0
2947 1
2948 1
2949 3
2950 2
2951 3
2952 2
2953 2
2954 1
2955 1
2956 1
2957 0
2958 2
2959 2
2960 1
2961 2
2962 2
2963 1
2964 3
2965 0
2966 0
2967 3
2968 3
2969 2
2970 3
2971 2
2972 0
2973 3
2974 1
2975 2
2976 1
2977 1
2978 2
2979 1
2980 1
2981 0
2982 0
2983 1
2984 1
2985 2
2986 2
2987 0
2988 3
2989 0
2990 2
2991 0
2992 0
2993 1
2994 0
2995 3
2996 3
2997 0
2998 1
2999 1
3000 2
3001 2
3002 1
3003 1
3004 2
3005 1
3006 2
3007 2
3008 1
3009 2
3010 2
3011 2
3012 2
3013 3
3014 0
3015 2
3016 0
3017 3
3018 1
3019 3
3020 1
3021 3
3022 3
3023 0
3024 2
3025 3
3026 3
3027 3
3028 1
3029 2
3030 0
3031 3
3032 0
3033 1
3034 2
3035 0
3036 1
3037 2
3038 2
3039 3
3040 0
3041 0
3042 0
3043 3
3044 2
3045 1
3046 3
3047 0
3048 0
3049 0
3050 1
3051 1
3052 1
3053 3
3054 2
3055 3
3056 2
3057 0
3058 3
3059 0
3060 3
3061 0
3062 3
3063 2
3064 3
3065 1
3066 0
3067 1
3068 0
3069 0
3070 0
3071 0
3072 0
3073 3
3074 2
3075 0
3076 1
3077 1
3078 2
3079 1
3080 3
3081 3
3082 2
3083 2
3084 2
3085 0
3086 3
3087 1
3088 3
3089 1
3090 2
3091 0
3092 1
3093 2
3094 1
3095 0
3096 1
3097 2
3098 1
3099 1
3100 3
3101 2
3102 0
3103 2
3104 1
3105 3
3106 3
3107 3
3108 1
3109 2
3110 1
3111 1
3112 0
3113 3
3114 3
3115 0
3116 2
3117 3
3118 0
3119 3
3120 2
3121 2
3122 2
3123 2
3124 3
3125 1
3126 2
3127 0
3128 2
3129 1
3130 1
3131 2
3132 0
3133 3
3134 0
3135 3
3136 2
3137 2
3138 0
3139 2
3140 2
3141 1
3142 3
3143 3
3144 2
3145 1
3146 1
3147 3
3148 1
3149 0
3150 1
3151 3
3152 1
3153 2
3154 0
3155 3
3156 2
3157 3
3158 0
3159 3
3160 0
3161 0
3162 1
3163 3
3164 3
3165 2
3166 3
3167 1
3168 2
3169 0
3170 2
3171 0
3172 2
3173 1
3174 1
3175 1
3176 0
3177 1
3178 3
3179 2
3180 1
3181 1
3182 1
3183 1
3184 1
3185 2
3186 1
3187 1
3188 3
3189 0
3190 2
3191 3
3192 0
3193 2
3194 3
3195 2
3196 2
3197 2
3198 1
3199 0
3200 3
3201 0
3202 1
3203 2
3204 3
3205 1
3206 3
3207 0
3208 0
3209 3
3210 1
3211 2
3212 3
3213 0
3214 3
3215 3
3216 1
3217 1
3218 1
3219 0
3220 2
3221 3
3222 2
3223 0
3224 3
3225 1
3226 2
3227 0
3228 2
3229 3
3230 1
3231 1
3232 3
3233 2
3234 1
3235 3
3236 0
3237 1
3238 1
3239 1
3240 3
3241 3
3242 2
3243 1
3244 1
3245 3
3246 2
3247 0
3248 1
3249 0
3250 3
3251 0
3252 2
3253 0
3254 3
3255 2
3256 3
3257 1
3258 0
3259 0
3260 2
3261 2
3262 1
3263 0
3264 2
3265 3
3266 0
3267 2
3268 1
3269 3
3270 1
3271 2
3272 0
3273 0
3274 0
3275 1
3276 2
3277 0
3278 1
3279 0
3280 3
3281 3
3282 2
3283 1
3284 2
3285 2
3286 2
3287 1
3288 3
3289 1
3290 1
3291 2
3292 0
3293 2
3294 0
3295 1
3296 0
3297 2
3298 1
3299 2
3300 2
3301 3
3302 1
3303 2
3304 1
3305 1
3306 2
3307 3
3308 2
3309 2
3310 0
3311 0
3312 3
3313 2
3314 0
3315 2
3316 0
3317 1
3318 3
3319 3
3320 1
3321 2
3322 1
3323 3
3324 3
3325 0
3326 2
3327 3
3328 3
3329 0
3330 3
3331 0
3332 3
3333 1
3334 2
3335 0
3336 1
3337 0
3338 3
3339 3
3340 3
3341 0
3342 0
3343 1
3344 1
3345 3
3346 1
3347 2
3348 2
3349 3
3350 0
3351 0
3352 0
3353 3
3354 3
3355 3
3356 2
3357 2
3358 1
3359 3
3360 0
3361 0
3362 1
3363 0
3364 2
3365 2
3366 2
3367 0
3368 2
3369 3
3370 1
3371 1
3372 2
3373 2
3374 2
3375 1
3376 0
3377 3
3378 3
3379 3
3380 3
3381 3
3382 0
3383 1
3384 1
3385 1
3386 0
3387 2
3388 1
3389 2
3390 0
3391 0
3392 1
3393 3
3394 0
3395 1
3396 3
3397 0
3398 1
3399 0
3400 0
3401 3
3402 3
3403 0
3404 3
3405 3
3406 2
3407 3
3408 2
3409 1
3410 1
3411 3
3412 1
3413 0
3414 2
3415 2
3416 3
3417 0
3418 1
3419 2
3420 0
3421 3
3422 0
3423 3
3424 2
3425 2
3426 0
3427 1
3428 0
3429 1
3430 0
3431 2
3432 1
3433 1
3434 0
3435 0
3436 1
3437 3
3438 0
3439 1
3440 2
3441 3
3442 3
3443 2
3444 0
3445 0
3446 3
3447 3
3448 3
3449 2
3450 1
3451 2
3452 0
3453 3
3454 1
3455 1
3456 0
3457 0
3458 0
3459 3
3460 3
3461 3
3462 1
3463 3
3464 1
3465 2
3466 3
3467 2
3468 2
3469 2
3470 0
3471 3
3472 0
3473 1
3474 0
3475 0
3476 1
3477 3
3478 0
3479 3
3480 3
3481 0
3482 0
3483 1
3484 1
3485 3
3486 1
3487 0
3488 2
3489 0
3490 1
3491 2
3492 2
3493 0
3494 1
3495 0
3496 2
3497 0
3498 0
3499 0
3500 1
3501 0
3502 2
3503 3
3504 3
3505 2
3506 3
3507 3
3508 0
3509 2
3510 3
3511 1
3512 0
3513 2
3514 3
3515 0
3516 2
3517 0
3518 2
3519 3
3520 1
3521 0
3522 2
3523 2
3524 0
3525 0
3526 0
3527 3
3528 2
3529 3
3530 3
3531 3
3532 1
3533 3
3534 2
3535 2
3536 2
3537 2
3538 3
3539 2
3540 0
3541 2
3542 0
3543 2
3544 0
3545 2
3546 2
3547 0
3548 0
3549 3
3550 3
3551 3
3552 3
3553 3
3554 0
3555 1
3556 2
3557 1
3558 0
3559 0
3560 2
3561 3
3562 3
3563 0
3564 3
3565 2
3566 3
3567 0
3568 2
3569 3
3570 3
3571 2
3572 1
3573 0
3574 3
3575 2
3576 0
3577 1
3578 1
3579 2
3580 1
3581 0
3582 1
3583 1
3584 3
3585 2
3586 1
3587 2
3588 0
3589 1
3590 1
3591 3
3592 2
3593 3
3594 2
3595 1
3596 0
3597 3
3598 3
3599 0
3600 2
3601 1
3602 2
3603 2
3604 1
3605 3
3606 3
3607 1
3608 2
3609 2
3610 0
3611 1
3612 3
3613 2
3614 0
3615 0
3616 0
3617 0
3618 3
3619 3
3620 0
3621 0
3622 1
3623 2
3624 1
3625 0
3626 1
3627 0
3628 1
3629 3
3630 3
3631 0
3632 2
3633 2
3634 3
3635 0
3636 2
3637 3
3638 1
3639 3
3640 0
3641 1
3642 0
3643 1
3644 0
3645 1
3646 3
3647 0
3648 0
3649 2
3650 0
3651 3
3652 0
3653 3
3654 2
3655 0
3656 1
3657 3
3658 2
3659 3
3660 2
3661 1
3662 1
3663 2
3664 3
3665 1
3666 2
3667 2
3668 1
3669 3
3670 2
3671 2
3672 0
3673 0
3674 0
3675 0
3676 3
3677 3
3678 0
3679 3
3680 3
3681 1
3682 0
3683 3
3684 2
3685 0
3686 0
3687 2
3688 0
3689 3
3690 1
3691 0
3692 0
3693 2
3694 0
3695 3
3696 3
3697 3
3698 0
3699 2
3700 0
3701 2
3702 1
3703 0
3704 3
3705 1
3706 2
3707 1
3708 1
3709 0
3710 3
3711 2
3712 2
3713 3
3714 2
3715 3
3716 2
3717 0
3718 1
3719 1
3720 1
3721 1
3722 3
3723 1
3724 2
3725 1
3726 2
3727 2
3728 3
3729 2
3730 1
3731 0
3732 2
3733 1
3734 0
3735 1
3736 0
3737 2
3738 2
3739 0
3740 3
3741 1
3742 1
3743 2
3744 1
3745 1
3746 2
3747 1
3748 3
3749 3
3750 3
3751 3
3752 1
3753 2
3754 0
3755 3
3756 2
3757 0
3758 2
3759 1
3760 2
3761 2
3762 0
3763 0
3764 0
3765 3
3766 2
3767 0
3768 2
3769 3
3770 2
3771 0
3772 1
3773 2
3774 0
3775 1
3776 2
3777 0
3778 1
3779 0
3780 0
3781 0
3782 0
3783 0
3784 1
3785 2
3786 1
3787 3
3788 2
3789 0
3790 1
3791 2
3792 2
3793 1
3794 3
3795 2
3796 2
3797 3
3798 2
3799 1
3800 0
3801 3
3802 0
3803 0
3804 3
3805 1
3806 0
3807 2
3808 2
3809 3
3810 2
3811 2
3812 0
3813 3
3814 0
3815 2
3816 2
3817 3
3818 2
3819 0
3820 0
3821 1
3822 3
3823 2
3824 0
3825 2
3826 0
3827 1
3828 3
3829 0
3830 1
3831 1
3832 1
3833 2
3834 3
3835 0
3836 3
3837 2
3838 1
3839 1
3840 2
3841 3
3842 1
3843 2
3844 3
3845 1
3846 1
3847 0
3848 2
3849 1
3850 1
3851 2
3852 2
3853 0
3854 1
3855 3
3856 0
3857 3
3858 0
3859 0
3860 1
3861 2
3862 2
3863 2
3864 0
3865 1
3866 2
3867 3
3868 3
3869 2
3870 0
3871 1
3872 1
3873 0
3874 1
3875 3
3876 2
3877 2
3878 0
3879 2
3880 3
3881 0
3882 1
3883 2
3884 2
3885 3
3886 0
3887 1
3888 2
3889 2
3890 1
3891 0
3892 1
3893 3
3894 2
3895 1
3896 0
3897 0
3898 0
3899 1
3900 1
3901 0
3902 2
3903 1
3904 2
3905 3
3906 0
3907 2
3908 1
3909 2
3910 2
3911 3
3912 3
3913 1
3914 1
3915 3
3916 2
3917 3
3918 1
3919 1
3920 0
3921 0
3922 0
3923 3
3924 3
3925 3
3926 0
3927 1
3928 1
3929 3
3930 0
3931 3
3932 3
3933 3
3934 3
3935 0
3936 0
3937 0
3938 3
3939 1
3940 3
3941 3
3942 0
3943 3
3944 1
3945 1
3946 1
3947 2
3948 1
3949 0
3950 1
3951 2
3952 1
3953 2
3954 3
3955 2
3956 0
3957 2
3958 2
3959 2
3960 1
3961 1
3962 3
3963 0
3964 0
3965 3
3966 0
3967 1
3968 2
3969 1
3970 1
3971 1
3972 1
3973 3
3974 3
3975 0
3976 3
3977 2
3978 1
3979 2
3980 2
3981 0
3982 1
3983 3
3984 3
3985 3
3986 3
3987 2
3988 3
3989 0
3990 3
3991 0
3992 0
3993 0
3994 1
3995 0
3996 1
3997 1
3998 2
3999 1
4000 3
4001 1
4002 1
4003 0
4004 2
4005 1
4006 2
4007 2
4008 0
4009 0
4010 0
4011 1
4012 0
4013 0
4014 2
4015 0
4016 3
4017 2
4018 3
4019 2
4020 3
4021 2
4022 0
4023 3
4024 1
4025 2
4026 2
4027 3
4028 0
4029 3
4030 3
4031 2
4032 2
4033 3
4034 3
4035 2
4036 3
4037 2
4038 3
4039 1
4040 3
4041 0
4042 2
4043 3
4044 0
4045 3
4046 2
4047 3
4048 2
4049 1
4050 2
4051 2
4052 0
4053 2
4054 3
4055 2
4056 1
4057 1
4058 2
4059 0
4060 0
4061 2
4062 2
4063 3
4064 2
4065 0
4066 0
4067 1
4068 3
4069 3
4070 1
4071 3
4072 3
4073 1
4074 2
4075 3
4076 0
4077 0
4078 0
4079 0
4080 3
4081 1
4082 1
4083 0
4084 0
4085 3
4086 3
4087 3
4088 2
4089 0
4090 0
4091 3
4092 0
4093 0
4094 1
4095 1
4096 3
4097 1
4098 0
4099 1
4100 1
4101 2
4102 1
4103 1
4104 2
4105 2
4106 2
4107 2
4108 0
4109 2
4110 2
4111 3
4112 1
4113 2
4114 1
4115 1
4116 3
4117 2
4118 3
4119 3
4120 1
4121 1
4122 0
4123 2
4124 0
4125 2
4126 0
4127 1
4128 0
4129 0
4130 2
4131 0
4132 2
4133 1
4134 2
4135 0
4136 3
4137 1
4138 3
4139 1
4140 2
4141 1
4142 0
4143 3
4144 2
4145 1
4146 1
4147 3
4148 1
4149 0
4150 1
4151 1
4152 1
4153 1
4154 2
4155 0
4156 1
4157 3
4158 1
4159 1
4160 2
4161 3
4162 2
4163 3
4164 3
4165 0
4166 2
4167 0
4168 3
4169 2
4170 3
4171 3
4172 3
4173 3
4174 2
4175 3
4176 2
4177 3
4178 0
4179 2
4180 0
4181 2
4182 0
4183 0
4184 3
4185 0
4186 3
4187 1
4188 1
4189 0
4190 1
4191 3
4192 2
4193 2
4194 1
4195 2
4196 1
4197 1
4198 0
4199 0
4200 2
4201 2
4202 3
4203 1
4204 0
4205 3
4206 3
4207 1
4208 3
4209 0
4210 1
4211 2
4212 1
4213 0
4214 2
4215 0
4216 3
4217 1
4218 1
4219 3
4220 0
4221 2
4222 3
4223 1
4224 3
4225 1
4226 0
4227 2
4228 2
4229 3
4230 1
4231 2
4232 1
4233 3
4234 0
4235 0
4236 2
4237 0
4238 3
4239 0
4240 0
4241 0
4242 1
4243 3
4244 1
4245 0
4246 3
4247 3
4248 0
4249 3
4250 0
4251 3
4252 2
4253 1
4254 2
4255 1
4256 0
4257 2
4258 2
4259 0
4260 0
4261 3
4262 3
4263 0
4264 0
4265 1
4266 0
4267 3
4268 0
4269 2
4270 2
4271 2
4272 1
4273 3
4274 3
4275 0
4276 1
4277 3
4278 2
4279 2
4280 0
4281 1
4282 0
4283 0
4284 2
4285 2
4286 2
4287 1
4288 1
4289 2
4290 2
4291 2
4292 1
4293 3
4294 2
4295 2
4296 0
4297 2
4298 2
4299 0
4300 1
4301 0
4302 2
4303 0
4304 3
4305 0
4306 3
4307 1
4308 1
4309 2
4310 1
4311 0
4312 0
4313 3
4314 3
4315 1
4316 1
4317 1
4318 1
4319 2
4320 2
4321 2
4322 3
4323 0
4324 1
4325 1
4326 3
4327 1
4328 1
4329 2
4330 0
4331 1
4332 2
4333 2
4334 0
4335 0
4336 2
4337 1
4338 3
4339 3
4340 1
4341 0
4342 2
4343 2
4344 0
4345 2
4346 3
4347 3
4348 0
4349 2
4350 0
4351 1
4352 1
4353 2
4354 0
4355 0
4356 2
4357 3
4358 2
4359 3
4360 3
4361 0
4362 2
4363 0
4364 1
4365 3
4366 1
4367 3
4368 2
4369 3
4370 1
4371 3
4372 0
4373 1
4374 0
4375 2
4376 2
4377 0
4378 2
4379 0
4380 2
4381 3
4382 1
4383 1
4384 2
4385 2
4386 2
4387 0
4388 1
4389 0
4390 2
4391 2
4392 0
4393 1
4394 3
4395 0
4396 0
4397 2
4398 0
4399 0
4400 2
4401 3
4402 3
4403 3
4404 0
4405 2
4406 3
4407 3
4408 3
4409 3
4410 3
4411 1
4412 0
4413 1
4414 1
4415 1
4416 2
4417 0
4418 3
4419 2
4420 0
4421 2
4422 0
4423 3
4424 2
4425 2
4426 3
4427 3
4428 2
4429 1
4430 3
4431 0
4432 2
4433 0
4434 2
4435 2
4436 1
4437 1
4438 3
4439 1
4440 3
4441 0
4442 3
4443 3
4444 2
4445 1
4446 2
4447 3
4448 2
4449 1
4450 1
4451 2
4452 1
4453 0
4454 0
4455 2
4456 0
4457 0
4458 0
4459 1
4460 1
4461 0
4462 3
4463 2
4464 1
4465 0
4466 2
4467 2
4468 3
4469 0
4470 3
4471 3
4472 0
4473 1
4474 2
4475 1
4476 0
4477 2
4478 3
4479 2
4480 1
4481 0
4482 2
4483 2
4484 0
4485 0
4486 2
4487 2
4488 3
4489 3
4490 1
4491 2
4492 0
4493 2
4494 0
4495 3
4496 0
4497 2
4498 2
4499 0
4500 0
4501 1
4502 0
4503 0
4504 1
4505 2
4506 1
4507 2
4508 2
4509 2
4510 2
4511 2
4512 0
4513 2
4514 2
4515 2
4516 0
4517 1
4518 0
4519 2
4520 2
4521 2
4522 0
4523 1
4524 0
4525 3
4526 2
4527 0
4528 2
4529 0
4530 1
4531 3
4532 3
4533 1
4534 2
4535 2
4536 2
4537 0
4538 0
4539 3
4540 2
4541 2
4542 3
4543 0
4544 0
4545 1
4546 2
4547 0
4548 0
4549 1
4550 2
4551 3
4552 0
4553 0
4554 0
4555 3
4556 1
4557 0
4558 2
4559 2
4560 3
4561 2
4562 1
4563 0
4564 2
4565 2
4566 0
4567 3
4568 1
4569 3
4570 0
4571 3
4572 0
4573 1
4574 1
4575 1
4576 2
4577 3
4578 1
4579 0
4580 1
4581 2
4582 3
4583 0
4584 1
4585 2
4586 1
4587 3
4588 3
4589 2
4590 0
4591 2
4592 0
4593 2
4594 0
4595 3
4596 0
4597 1
4598 1
4599 1
4600 3
4601 2
4602 1
4603 3
4604 2
4605 3
4606 3
4607 2
4608 2
4609 2
4610 3
4611 0
4612 1
4613 0
4614 3
4615 2
4616 2
4617 3
4618 3
4619 3
4620 1
4621 0
4622 2
4623 0
4624 0
4625 2
4626 3
4627 2
4628 1
4629 3
4630 0
4631 0
4632 1
4633 0
4634 3
4635 1
4636 1
4637 0
4638 0
4639 2
4640 3
4641 3
4642 3
4643 0
4644 1
4645 2
4646 0
4647 1
4648 3
4649 1
4650 3
4651 1
4652 0
4653 0
4654 1
4655 3
4656 1
4657 3
4658 3
4659 1
4660 2
4661 0
4662 3
4663 2
4664 1
4665 2
4666 2
4667 2
4668 1
4669 3
4670 3
4671 2
4672 0
4673 2
4674 2
4675 3
4676 1
4677 0
4678 2
4679 1
4680 1
4681 2
4682 3
4683 0
4684 3
4685 0
4686 3
4687 3
4688 3
4689 2
4690 3
4691 2
4692 1
4693 0
4694 1
4695 2
4696 3
4697 1
4698 3
4699 0
4700 0
4701 3
4702 1
4703 0
4704 2
4705 3
4706 2
4707 0
4708 2
4709 3
4710 3
4711 1
4712 0
4713 1
4714 1
4715 1
4716 1
4717 2
4718 1
4719 2
4720 0
4721 0
4722 1
4723 1
4724 1
4725 0
4726 0
4727 1
4728 3
4729 2
4730 2
4731 0
4732 3
4733 3
4734 2
4735 1
4736 1
4737 0
4738 0
4739 1
4740 0
4741 2
4742 3
4743 1
4744 2
4745 2
4746 2
4747 3
4748 1
4749 0
4750 3
4751 0
4752 3
4753 1
4754 1
4755 0
4756 2
4757 3
4758 3
4759 0
4760 1
4761 3
4762 0
4763 2
4764 2
4765 0
4766 2
4767 1
4768 0
4769 2
4770 2
4771 3
4772 2
4773 1
4774 2
4775 1
4776 3
4777 2
4778 0
4779 0
4780 2
4781 2
4782 0
4783 3
4784 2
4785 3
4786 2
4787 2
4788 3
4789 1
4790 1
4791 0
4792 3
4793 1
4794 3
4795 1
4796 1
4797 1
4798 1
4799 1
4800 1
4801 0
4802 0
4803 1
4804 2
4805 1
4806 0
4807 3
4808 0
4809 1
4810 3
4811 2
4812 2
4813 1
4814 1
4815 3
4816 3
4817 2
4818 2
4819 1
4820 1
4821 3
4822 1
4823 0
4824 2
4825 1
4826 0
4827 2
4828 2
4829 1
4830 1
4831 3
4832 2
4833 1
4834 2
4835 3
4836 3
4837 0
4838 2
4839 2
4840 3
4841 2
4842 1
4843 3
4844 2
4845 0
4846 0
4847 0
4848 3
4849 0
4850 1
4851 3
4852 0
4853 1
4854 3
4855 1
4856 0
4857 2
4858 2
4859 1
4860 0
4861 0
4862 2
4863 1
4864 1
4865 0
4866 0
4867 3
4868 1
4869 0
4870 1
4871 0
4872 1
4873 0
4874 2
4875 0
4876 3
4877 3
4878 2
4879 1
4880 2
4881 1
4882 3
4883 0
4884 3
4885 1
4886 0
4887 3
4888 2
4889 1
4890 2
4891 2
4892 3
4893 0
4894 1
4895 1
4896 3
4897 2
4898 0
4899 0
4900 0
4901 3
4902 0
4903 3
4904 0
4905 0
4906 3
4907 2
4908 0
4909 1
4910 3
4911 2
4912 1
4913 0
4914 0
4915 1
4916 1
4917 1
4918 2
4919 1
4920 1
4921 0
4922 1
4923 3
4924 2
4925 1
4926 2
4927 1
4928 3
4929 2
4930 1
4931 2
4932 0
4933 1
4934 0
4935 3
4936 0
4937 0
4938 1
4939 3
4940 1
4941 3
4942 3
4943 3
4944 0
4945 0
4946 3
4947 0
4948 1
4949 3
4950 2
4951 1
4952 1
4953 0
4954 2
4955 2
4956 1
4957 3
4958 0
4959 3
4960 0
4961 0
4962 0
4963 1
4964 3
4965 0
4966 2
4967 2
4968 1
4969 0
4970 2
4971 3
4972 3
4973 1
4974 2
4975 3
4976 2
4977 1
4978 0
4979 0
4980 0
4981 2
4982 3
4983 2
4984 3
4985 2
4986 2
4987 0
4988 3
4989 2
4990 2
4991 2
4992 0
4993 2
4994 1
4995 0
4996 3
4997 0
4998 3
4999 3
5000 1
5001 0
5002 2
5003 2
5004 0
5005 2
5006 0
5007 0
5008 2
5009 3
5010 3
5011 3
5012 0
5013 0
5014 2
5015 3
5016 2
5017 1
5018 2
5019 1
5020 2
5021 3
5022 3
5023 3
5024 2
5025 3
5026 2
5027 0
5028 3
5029 1
5030 0
5031 3
5032 3
5033 3
5034 1
5035 1
5036 2
5037 2
5038 1
5039 0
5040 2
5041 1
5042 0
5043 0
5044 2
5045 3
5046 0
5047 0
5048 0
5049 2
5050 2
5051 3
5052 1
5053 1
5054 3
5055 3
5056 2
5057 1
5058 2
5059 1
5060 0
5061 0
5062 2
5063 2
5064 2
5065 1
5066 3
5067 3
5068 0
5069 1
5070 2
5071 2
5072 2
5073 1
5074 0
5075 2
5076 2
5077 2
5078 2
5079 3
5080 2
5081 3
5082 2
5083 3
5084 3
5085 1
5086 1
5087 2
5088 1
5089 3
5090 1
5091 0
5092 2
5093 0
5094 1
5095 3
5096 3
5097 2
5098 3
5099 3
5100 1
5101 2
5102 3
5103 0
5104 1
5105 0
5106 2
5107 0
5108 3
5109 0
5110 2
5111 0
5112 3
5113 0
5114 0
5115 0
5116 1
5117 2
5118 1
5119 2
5120 1
5121 3
5122 0
5123 2
5124 0
5125 2
5126 3
5127 1
5128 3
5129 3
5130 0
5131 3
5132 1
5133 0
5134 1
5135 2
5136 0
5137 2
5138 3
5139 1
5140 1
5141 0
5142 2
5143 0
5144 2
5145 2
5146 0
5147 3
5148 1
5149 3
5150 1
5151 2
5152 0
5153 1
5154 3
5155 3
5156 1
5157 2
5158 1
5159 1
5160 2
5161 0
5162 2
5163 0
5164 3
5165 2
5166 2
5167 3
5168 2
5169 0
5170 3
5171 1
5172 1
5173 2
5174 1
5175 3
5176 2
5177 1
5178 0
5179 1
5180 1
5181 0
5182 2
5183 3
5184 2
5185 2
5186 3
5187 2
5188 1
5189 1
5190 0
5191 0
5192 2
5193 3
5194 0
5195 2
5196 2
5197 2
5198 3
5199 0
5200 3
5201 0
5202 2
5203 3
5204 3
5205 1
5206 2
5207 3
5208 0
5209 1
5210 1
5211 2
5212 3
5213 0
5214 0
5215 3
5216 0
5217 0
5218 3
5219 0
5220 3
5221 3
5222 3
5223 1
5224 3
5225 2
5226 3
5227 3
5228 3
5229 0
5230 0
5231 1
5232 0
5233 0
5234 2
5235 2
5236 1
5237 2
5238 3
5239 1
5240 2
5241 0
5242 0
5243 0
5244 1
5245 1
5246 3
5247 3
5248 3
5249 3
5250 3
5251 3
5252 2
5253 1
5254 3
5255 2
5256 3
5257 2
5258 2
5259 3
5260 3
5261 2
5262 1
5263 2
5264 0
5265 0
5266 0
5267 3
5268 3
5269 3
5270 0
5271 1
5272 1
5273 3
5274 3
5275 1
5276 3
5277 3
5278 2
5279 1
5280 3
5281 2
5282 0
5283 1
5284 1
5285 2
5286 0
5287 2
5288 2
5289 0
5290 3
5291 0
5292 0
5293 0
5294 0
5295 3
5296 3
5297 1
5298 0
5299 2
5300 2
5301 2
5302 3
5303 1
5304 0
5305 3
5306 1
5307 2
5308 1
5309 1
5310 2
5311 0
5312 1
5313 0
5314 3
5315 0
5316 1
5317 0
5318 2
5319 0
5320 3
5321 2
5322 0
5323 3
5324 3
5325 0
5326 0
5327 1
5328 3
5329 2
5330 0
5331 3
5332 0
5333 1
5334 1
5335 1
5336 1
5337 0
5338 1
5339 3
5340 2
5341 1
5342 0
5343 0
5344 3
5345 2
5346 0
5347 1
5348 0
5349 1
5350 1
5351 1
5352 0
5353 1
5354 0
5355 3
5356 1
5357 0
5358 0
5359 3
5360 0
5361 1
5362 1
5363 3
5364 0
5365 0
5366 3
5367 3
5368 2
5369 3
5370 2
5371 2
5372 2
5373 0
5374 1
5375 0
5376 1
5377 3
5378 3
5379 3
5380 3
5381 2
5382 3
5383 2
5384 2
5385 3
5386 1
5387 1
5388 1
5389 3
5390 0
5391 0
5392 2
5393 3
5394 3
5395 2
5396 3
5397 0
5398 2
5399 3
5400 2
5401 0
5402 2
5403 3
5404 1
5405 3
5406 0
5407 1
5408 3
5409 3
5410 2
5411 1
5412 2
5413 3
5414 1
5415 3
5416 0
5417 0
5418 1
5419 3
5420 2
5421 0
5422 3
5423 0
5424 2
5425 3
5426 1
5427 0
5428 3
5429 1
5430 0
5431 3
5432 0
5433 1
5434 1
5435 1
5436 0
5437 0
5438 1
5439 3
5440 2
5441 2
5442 2
5443 1
5444 3
5445 0
5446 0
5447 3
5448 3
5449 1
5450 2
5451 1
5452 0
5453 0
5454 0
5455 3
5456 1
5457 0
5458 0
5459 1
5460 2
5461 3
5462 3
5463 1
5464 1
5465 1
5466 1
5467 3
5468 3
5469 2
5470 1
5471 3
5472 1
5473 0
5474 1
5475 3
5476 1
5477 0
5478 1
5479 2
5480 0
5481 0
5482 3
5483 0
5484 0
5485 0
5486 0
5487 3
5488 2
5489 1
5490 2
5491 0
5492 0
5493 3
5494 0
5495 0
5496 2
5497 2
5498 2
5499 1
5500 2
5501 3
5502 3
5503 1
5504 2
5505 1
5506 2
5507 1
5508 1
5509 0
5510 1
5511 1
5512 2
5513 0
5514 1
5515 2
5516 1
5517 0
5518 1
5519 1
5520 0
5521 2
5522 2
5523 3
5524 3
5525 2
5526 2
5527 0
5528 3
5529 3
5530 0
5531 1
5532 1
5533 2
5534 2
5535 0
5536 3
5537 2
5538 3
5539 1
5540 0
5541 2
5542 3
5543 1
5544 0
5545 1
5546 0
5547 3
5548 1
5549 3
5550 1
5551 0
5552 1
5553 2
5554 1
5555 0
5556 1
5557 0
5558 3
5559 0
5560 2
5561 3
5562 2
5563 2
5564 0
5565 0
5566 0
5567 2
5568 0
5569 1
5570 2
5571 1
5572 3
5573 0
5574 3
5575 2
5576 1
5577 1
5578 2
5579 3
5580 2
5581 0
5582 3
5583 0
5584 1
5585 3
5586 2
5587 3
5588 0
5589 2
5590 1
5591 1
5592 3
5593 0
5594 2
5595 3
5596 3
5597 3
5598 0
5599 1
5600 0
5601 1
5602 1
5603 1
5604 0
5605 1
5606 0
5607 2
5608 2
5609 3
5610 3
5611 3
5612 1
5613 2
5614 1
5615 3
5616 3
5617 0
5618 2
5619 1
5620 3
5621 1
5622 0
5623 0
5624 0
5625 2
5626 0
5627 1
5628 1
5629 1
5630 0
5631 1
5632 2
5633 2
5634 2
5635 3
5636 3
5637 0
5638 3
5639 2
5640 3
5641 2
5642 2
5643 2
5644 0
5645 3
5646 2
5647 3
5648 0
5649 0
5650 2
5651 0
5652 2
5653 2
5654 2
5655 1
5656 2
5657 1
5658 2
5659 2
5660 2
5661 1
5662 1
5663 2
5664 1
5665 0
5666 1
5667 1
5668 3
5669 2
5670 2
5671 1
5672 0
5673 2
5674 0
5675 0
5676 2
5677 2
5678 3
5679 1
5680 3
5681 2
5682 0
5683 2
5684 1
5685 2
5686 3
5687 1
5688 0
5689 3
5690 3
5691 1
5692 3
5693 1
5694 3
5695 2
5696 0
5697 0
5698 0
5699 0
5700 1
5701 2
5702 0
5703 2
5704 3
5705 3
5706 2
5707 2
5708 1
5709 0
5710 3
5711 3
5712 3
5713 2
5714 1
5715 0
5716 3
5717 2
5718 0
5719 1
5720 0
5721 3
5722 0
5723 3
5724 0
5725 0
5726 0
5727 2
5728 2
5729 0
5730 0
5731 3
5732 0
5733 0
5734 0
5735 3
5736 0
5737 1
5738 3
5739 1
5740 0
5741 2
5742 3
5743 1
5744 2
5745 2
5746 1
5747 0
5748 1
5749 1
5750 0
5751 3
5752 1
5753 0
5754 3
5755 2
5756 2
5757 1
5758 0
5759 1
5760 1
5761 2
5762 0
5763 0
5764 1
5765 2
5766 0
5767 1
5768 3
5769 3
5770 0
5771 2
5772 3
5773 2
5774 1
5775 2
5776 2
5777 3
5778 1
5779 2
5780 0
5781 3
5782 1
5783 0
5784 0
5785 3
5786 0
5787 0
5788 3
5789 0
5790 3
5791 0
5792 1
5793 1
5794 0
5795 3
5796 1
5797 3
5798 0
5799 0
5800 2
5801 0
5802 0
5803 1
5804 3
5805 2
5806 3
5807 3
5808 3
5809 2
5810 0
5811 1
5812 1
5813 1
5814 0
5815 1
5816 0
5817 0
5818 3
5819 2
5820 2
5821 3
5822 1
5823 1
5824 0
5825 0
5826 3
5827 3
5828 1
5829 0
5830 3
5831 3
5832 1
5833 1
5834 2
5835 2
5836 0
5837 1
5838 1
5839 1
5840 1
5841 1
5842 0
5843 3
5844 3
5845 2
5846 1
5847 3
5848 2
5849 1
5850 3
5851 3
5852 1
5853 2
5854 1
5855 0
5856 2
5857 0
5858 0
5859 2
5860 0
5861 1
5862 2
5863 0
5864 0
5865 3
5866 1
5867 3
5868 0
5869 3
5870 3
5871 3
5872 1
5873 2
5874 1
5875 2
5876 0
5877 0
5878 1
5879 1
5880 1
5881 2
5882 1
5883 0
5884 3
5885 2
5886 0
5887 2
5888 1
5889 2
5890 1
5891 1
5892 0
5893 3
5894 0
5895 3
5896 2
5897 0
5898 1
5899 1
5900 2
5901 3
5902 1
5903 3
5904 3
5905 2
5906 0
5907 1
5908 0
5909 0
5910 0
5911 0
5912 3
5913 0
5914 0
5915 3
5916 2
5917 2
5918 3
5919 0
5920 1
5921 0
5922 2
5923 1
5924 0
5925 1
5926 1
5927 2
5928 2
5929 3
5930 0
5931 0
5932 0
5933 2
5934 0
5935 2
5936 3
5937 0
5938 0
5939 1
5940 0
5941 0
5942 3
5943 0
5944 3
5945 2
5946 2
5947 0
5948 3
5949 0
5950 2
5951 2
5952 1
5953 3
5954 1
5955 0
5956 3
5957 1
5958 3
5959 3
5960 0
5961 0
5962 3
5963 1
5964 2
5965 0
5966 3
5967 0
5968 0
5969 0
5970 3
5971 1
5972 2
5973 1
5974 3
5975 3
5976 2
5977 3
5978 1
5979 2
5980 0
5981 3
5982 2
5983 1
5984 3
5985 1
5986 2
5987 1
5988 3
5989 3
5990 1
5991 1
5992 2
5993 1
5994 1
5995 0
5996 3
5997 3
5998 2
5999 2
6000 3
6001 3
6002 0
6003 3
6004 2
6005 0
6006 3
6007 1
6008 2
6009 1
6010 1
6011 1
6012 0
6013 2
6014 1
6015 0
6016 3
6017 3
6018 1
6019 2
6020 2
6021 3
6022 0
6023 2
6024 3
6025 0
6026 1
6027 3
6028 0
6029 1
6030 0
6031 3
6032 3
6033 0
6034 3
6035 3
6036 2
6037 1
6038 1
6039 3
6040 1
6041 1
6042 0
6043 2
6044 3
6045 2
6046 2
6047 2
6048 2
6049 0
6050 1
6051 1
6052 1
6053 1
6054 1
6055 2
6056 3
6057 0
6058 1
6059 3
6060 0
6061 0
6062 1
6063 2
6064 2
6065 3
6066 3
6067 2
6068 2
6069 3
6070 1
6071 0
6072 3
6073 1
6074 1
6075 1
6076 2
6077 2
6078 3
6079 0
6080 3
6081 1
6082 3
6083 1
6084 1
6085 0
6086 2
6087 1
6088 1
6089 2
6090 3
6091 1
6092 1
6093 2
6094 0
6095 1
6096 3
6097 2
6098 0
6099 3
6100 2
6101 3
6102 0
6103 2
6104 1
6105 3
6106 1
6107 1
6108 3
6109 1
6110 3
6111 0
6112 3
6113 2
6114 0
6115 0
6116 1
6117 3
6118 0
6119 0
6120 2
6121 1
6122 0
6123 1
6124 2
6125 0
6126 2
6127 3
6128 2
6129 0
6130 3
6131 0
6132 0
6133 0
6134 0
6135 1
6136 3
6137 3
6138 3
6139 3
6140 2
6141 0
6142 3
6143 1
6144 2
6145 1
6146 2
6147 1
6148 2
6149 2
6150 1
6151 3
6152 3
6153 1
6154 2
6155 0
6156 3
6157 1
6158 3
6159 3
6160 0
6161 3
6162 1
6163 2
6164 2
6165 2
6166 3
6167 3
6168 1
6169 1
6170 0
6171 3
6172 3
6173 0
6174 2
6175 3
6176 3
6177 0
6178 3
6179 0
6180 1
6181 3
6182 0
6183 2
6184 0
6185 2
6186 1
6187 0
6188 0
6189 1
6190 1
6191 0
6192 1
6193 0
6194 0
6195 3
6196 2
6197 3
6198 3
6199 1
6200 1
6201 3
6202 0
6203 0
6204 2
6205 3
6206 0
6207 1
6208 0
6209 2
6210 0
6211 3
6212 1
6213 1
6214 1
6215 0
6216 2
6217 1
6218 0
6219 3
6220 1
6221 0
6222 2
6223 0
6224 1
6225 3
6226 3
6227 0
6228 2
6229 2
6230 2
6231 3
6232 1
6233 1
6234 3
6235 2
6236 0
6237 0
6238 1
6239 1
6240 3
6241 3
6242 3
6243 1
6244 0
6245 0
6246 3
6247 2
6248 2
6249 1
6250 3
6251 2
6252 0
6253 1
6254 1
6255 1
6256 2
6257 2
6258 0
6259 3
6260 2
6261 2
6262 1
6263 3
6264 2
6265 3
6266 0
6267 3
6268 3
6269 0
6270 1
6271 0
6272 2
6273 0
6274 2
6275 2
6276 3
6277 3
6278 2
6279 3
6280 2
6281 3
6282 1
6283 0
6284 1
6285 2
6286 1
6287 3
6288 2
6289 2
6290 1
6291 3
6292 3
6293 2
6294 2
6295 0
6296 1
6297 1
6298 0
6299 2
6300 3
6301 0
6302 0
6303 0
6304 3
6305 1
6306 2
6307 0
6308 2
6309 3
6310 1
6311 2
6312 1
6313 0
6314 1
6315 0
6316 0
6317 3
6318 2
6319 1
6320 3
6321 0
6322 0
6323 2
6324 1
6325 1
6326 1
6327 2
6328 2
6329 0
6330 0
6331 2
6332 3
6333 3
6334 1
6335 0
6336 0
6337 0
6338 3
6339 1
6340 0
6341 3
6342 3
6343 3
6344 0
6345 1
6346 3
6347 1
6348 1
6349 2
6350 1
6351 2
6352 0
6353 0
6354 0
6355 1
6356 0
6357 0
6358 1
6359 3
6360 3
6361 1
6362 3
6363 2
6364 2
6365 0
6366 3
6367 0
6368 0
6369 0
6370 0
6371 1
6372 3
6373 0
6374 1
6375 3
6376 1
6377 0
6378 3
6379 2
6380 3
6381 1
6382 2
6383 3
6384 2
6385 0
6386 2
6387 2
6388 3
6389 2
6390 1
6391 1
6392 3
6393 2
6394 1
6395 1
6396 1
6397 2
6398 2
6399 1
6400 3
6401 3
6402 3
6403 1
6404 0
6405 1
6406 0
6407 3
6408 2
6409 2
6410 3
6411 3
6412 1
6413 0
6414 1
6415 2
6416 3
6417 3
6418 2
6419 2
6420 2
6421 0
6422 1
6423 2
6424 1
6425 0
6426 0
6427 3
6428 3
6429 3
6430 1
6431 1
6432 0
6433 2
6434 0
6435 1
6436 3
6437 3
6438 1
6439 3
6440 1
6441 2
6442 2
6443 0
6444 1
6445 2
6446 2
6447 1
6448 3
6449 0
6450 3
6451 0
6452 3
6453 2
6454 0
6455 2
6456 3
6457 0
6458 0
6459 1
6460 3
6461 1
6462 2
6463 2
6464 2
6465 1
6466 2
6467 2
6468 2
6469 2
6470 1
6471 2
6472 2
6473 0
6474 2
6475 0
6476 0
6477 2
6478 2
6479 0
6480 1
6481 3
6482 0
6483 3
6484 0
6485 1
6486 3
6487 0
6488 2
6489 0
6490 3
6491 3
6492 2
6493 3
6494 1
6495 3
6496 0
6497 2
6498 1
6499 0
6500 2
6501 1
6502 2
6503 3
6504 0
6505 0
6506 2
6507 0
6508 1
6509 2
6510 3
6511 3
6512 0
6513 0
6514 3
6515 2
6516 2
6517 3
6518 2
6519 1
6520 2
6521 2
6522 2
6523 1
6524 2
6525 3
6526 1
6527 3
6528 3
6529 1
6530 1
6531 2
6532 3
6533 1
6534 2
6535 2
6536 2
6537 1
6538 0
6539 3
6540 2
6541 1
6542 3
6543 0
6544 2
6545 0
6546 2
6547 3
6548 2
6549 2
6550 0
6551 3
6552 3
6553 1
6554 0
6555 0
6556 3
6557 3
6558 2
6559 1
6560 2
6561 0
6562 3
6563 0
6564 1
6565 1
6566 0
6567 0
6568 1
6569 0
6570 2
6571 3
6572 3
6573 3
6574 1
6575 3
6576 0
6577 0
6578 2
6579 2
6580 3
6581 3
6582 0
6583 3
6584 1
6585 1
6586 2
6587 2
6588 0
6589 3
6590 1
6591 3
6592 2
6593 2
6594 0
6595 3
6596 1
6597 0
6598 0
6599 0
6600 0
6601 3
6602 3
6603 1
6604 3
6605 0
6606 0
6607 0
6608 3
6609 1
6610 3
6611 1
6612 3
6613 3
6614 1
6615 1
6616 3
6617 0
6618 2
6619 1
6620 1
6621 0
6622 0
6623 1
6624 1
6625 1
6626 3
6627 1
6628 1
6629 0
6630 3
6631 1
6632 0
6633 2
6634 1
6635 0
6636 1
6637 3
6638 3
6639 2
6640 3
6641 0
6642 3
6643 3
6644 3
6645 1
6646 0
6647 0
6648 0
6649 3
6650 1
6651 0
6652 3
6653 3
6654 2
6655 2
6656 2
6657 2
6658 3
6659 0
6660 3
6661 3
6662 2
6663 1
6664 2
6665 2
6666 3
6667 2
6668 2
6669 2
6670 0
6671 0
6672 3
6673 3
6674 1
6675 2
6676 0
6677 3
6678 0
6679 1
6680 3
6681 1
6682 0
6683 0
6684 3
6685 3
6686 3
6687 0
6688 1
6689 2
6690 3
6691 3
6692 0
6693 2
6694 0
6695 1
6696 1
6697 3
6698 0
6699 0
6700 2
6701 2
6702 0
6703 3
6704 0
6705 2
6706 0
6707 3
6708 1
6709 3
6710 2
6711 3
6712 1
6713 3
6714 3
6715 0
6716 0
6717 3
6718 3
6719 1
6720 3
6721 3
6722 0
6723 2
6724 3
6725 2
6726 3
6727 2
6728 3
6729 3
6730 1
6731 0
6732 1
6733 1
6734 0
6735 2
6736 0
6737 3
6738 1
6739 3
6740 1
6741 0
6742 1
6743 1
6744 0
6745 2
6746 2
6747 1
6748 3
6749 3
6750 1
6751 3
6752 1
6753 3
6754 0
6755 0
6756 3
6757 1
6758 2
6759 0
6760 3
6761 2
6762 0
6763 1
6764 3
6765 2
6766 2
6767 1
6768 1
6769 1
6770 1
6771 0
6772 2
6773 2
6774 1
6775 2
6776 3
6777 0
6778 3
6779 3
6780 3
6781 0
6782 0
6783 0
6784 3
6785 1
6786 2
6787 2
6788 0
6789 1
6790 0
6791 1
6792 1
6793 3
6794 1
6795 3
6796 2
6797 0
6798 2
6799 0
6800 3
6801 3
6802 1
6803 2
6804 2
6805 2
6806 3
6807 2
6808 1
6809 3
6810 0
6811 2
6812 1
6813 2
6814 2
6815 1
6816 0
6817 3
6818 1
6819 2
6820 3
6821 1
6822 3
6823 2
6824 3
6825 0
6826 1
6827 0
6828 0
6829 1
6830 3
6831 1
6832 1
6833 3
6834 0
6835 1
6836 3
6837 1
6838 1
6839 0
6840 1
6841 3
6842 0
6843 2
6844 2
6845 2
6846 1
6847 2
6848 0
6849 0
6850 1
6851 0
6852 2
6853 1
6854 2
6855 2
6856 3
6857 2
6858 1
6859 2
6860 0
6861 3
6862 2
6863 0
6864 3
6865 2
6866 3
6867 1
6868 1
6869 0
6870 1
6871 1
6872 1
6873 1
6874 0
6875 3
6876 0
6877 3
6878 2
6879 0
6880 2
6881 2
6882 0
6883 1
6884 1
6885 3
6886 2
6887 0
6888 2
6889 2
6890 3
6891 3
6892 1
6893 2
6894 1
6895 1
6896 1
6897 2
6898 0
6899 3
6900 1
6901 2
6902 3
6903 1
6904 0
6905 1
6906 3
6907 1
6908 0
6909 1
6910 0
6911 0
6912 2
6913 0
6914 1
6915 3
6916 2
6917 1
6918 3
6919 3
6920 3
6921 0
6922 1
6923 3
6924 3
6925 2
6926 1
6927 3
6928 2
6929 0
6930 3
6931 3
6932 0
6933 0
6934 2
6935 2
6936 3
6937 2
6938 2
6939 1
6940 2
6941 1
6942 3
6943 1
6944 3
6945 1
6946 1
6947 0
6948 1
6949 3
6950 0
6951 3
6952 2
6953 1
6954 1
6955 0
6956 3
6957 2
6958 2
6959 3
6960 0
6961 3
6962 0
6963 1
6964 3
6965 3
6966 0
6967 1
6968 1
6969 1
6970 3
6971 3
6972 0
6973 0
6974 1
6975 1
6976 3
6977 1
6978 0
6979 0
6980 1
6981 3
6982 1
6983 0
6984 2
6985 1
6986 3
6987 3
6988 2
6989 1
6990 2
6991 2
6992 1
6993 2
6994 2
6995 1
6996 2
6997 1
6998 1
6999 2
7000 2
7001 2
7002 1
7003 3
7004 3
7005 2
7006 1
7007 3
7008 0
7009 1
7010 2
7011 0
7012 0
7013 0
7014 0
7015 3
7016 0
7017 0
7018 1
7019 3
7020 2
7021 1
7022 2
7023 3
7024 1
7025 2
7026 3
7027 2
7028 3
7029 0
7030 0
7031 3
7032 1
7033 3
7034 0
7035 3
7036 2
7037 2
7038 2
7039 3
7040 1
7041 3
7042 1
7043 3
7044 2
7045 0
7046 3
7047 0
7048 1
7049 2
7050 3
7051 3
7052 3
7053 0
7054 2
7055 2
7056 0
7057 1
7058 2
7059 3
7060 3
7061 1
7062 0
7063 0
7064 2
7065 1
7066 1
7067 1
7068 1
7069 3
7070 3
7071 0
7072 0
7073 1
7074 3
7075 0
7076 0
7077 3
7078 1
7079 0
7080 2
7081 1
7082 2
7083 1
7084 0
7085 3
7086 3
7087 0
7088 2
7089 2
7090 2
7091 3
7092 3
7093 0
7094 0
7095 3
7096 1
7097 2
7098 3
7099 3
7100 1
7101 0
7102 1
7103 1
7104 3
7105 0
7106 3
7107 0
7108 2
7109 1
7110 3
7111 1
7112 0
7113 2
7114 1
7115 0
7116 1
7117 1
7118 2
7119 1
7120 2
7121 1
7122 0
7123 0
7124 0
7125 3
