3372
84939
1366
14978
85714
88367
118034
137198
61862
125642
32338
71050
110345
64605
52703
155127
60588
123018
6250
78367
128864
32283
152296
5507
31982
111372
144643
139587
85877
94979
88248
161362
58773
167147
107854
7329
26309
156782
37637
162052
35408
54063
108809
83691
69330
40868
16379
37818
146235
119034
29391
148905
67333
150073
106320
146733
76961
39372
21412
122822
61780
53444
84226
112771
16411
232
121832
151147
151542
2035
52745
58232
115772
103917
44829
7767
72168
153553
72623
47931
55226
103789
87099
136039
151426
11064
18997
145256
143516
100797
119068
30297
139542
64857
92366
42717
97700
29583
138802
126701
92704
159693
94054
42579
115690
61273
285
130921
18167
123499
10319
112970
90072
88733
107000
7561
4185
111326
16051
154115
17676
152134
93204
67370
38403
26003
19367
20079
142276
114151
85899
106109
113095
64752
12614
25109
116304
101012
40173
14851
132472
77269
93478
167946
120061
140417
38400
130990
125801
99294
54142
156173
24321
10616
32193
13421
44376
128492
84915
56293
90781
91510
150162
70254
75949
115723
104457
118701
64492
131470
23211
136319
126108
13607
103863
861
94939
150944
106695
32052
9196
59898
37012
32246
5877
54586
37281
122993
99152
20959
133574
54862
63768
137168
95428
128501
70525
99834
68665
122231
161977
37525
142022
155298
83166
81238
17867
19685
122212
151807
78294
75202
38194
78112
11220
25363
98463
18462
17700
154739
28237
59412
88508
57138
138772
96686
40304
53229
160501
14058
147889
147532
15004
20033
11476
96889
103665
90117
151523
35876
78009
87462
159648
34214
22906
167575
85073
112893
57332
152531
158226
47173
124548
131896
30046
19681
120973
135926
98278
140312
4846
160220
134312
119174
107948
135419
130333
54513
89788
148850
88869
40047
15975
44249
18872
42365
30862
84338
152230
92311
99940
9369
16010
163029
93448
86333
106028
43759
135415
151501
47168
106569
129869
123217
7922
114741
74281
56168
158838
105955
51613
4103
70697
42608
153560
85695
144886
72199
166753
24063
27070
41281
22392
97955
136732
123727
27754
121021
65495
137117
24731
53855
140798
106836
141118
147594
48402
130531
13288
117615
102204
106612
9934
123964
137539
148230
97570
108826
19994
132170
134138
84981
90966
74897
162743
110605
51993
99956
73768
72480
25354
138780
154162
60561
151861
78234
41690
27899
130281
37299
93915
57763
145481
166547
61138
1003
21872
85747
91630
53027
149969
774
112432
4202
21183
28626
44379
149821
110946
156470
250
107018
127428
134701
90348
23019
93749
58613
15359
142168
143662
52369
143437
101286
119691
78928
40501
88088
87226
81712
150326
102295
84409
7710
139758
83020
159488
69138
142445
126914
161856
75850
52285
69939
48094
104967
15483
161047
12074
3293
131615
135395
116197
115994
24538
131086
52481
102840
128200
34360
92009
92602
52070
134293
140371
3719
66191
115404
41111
79991
60829
156839
166271
142887
85991
27737
138991
33641
21307
89179
27417
28228
41861
42487
153041
87206
98251
155136
23424
167971
45551
14828
149591
106076
102526
117695
53117
31895
22722
151733
43617
25070
126814
165116
56197
71886
49317
5219
85675
131633
111633
123302
32026
54748
68827
116448
11754
63331
116723
99137
42262
63154
135030
41433
29341
155000
96807
165272
65702
31536
67985
87209
35014
82086
59974
22817
88158
128517
9826
144023
167267
18232
48513
8008
91377
116913
143286
141504
56626
31149
140219
22247
103946
135847
61574
87579
138694
109133
18914
160855
133040
4940
157759
48771
13409
38782
130461
47014
66833
63955
45077
82309
59788
15502
66366
112741
84931
90032
66626
109293
71875
106960
85323
150178
152745
88422
2893
161997
15940
110531
21137
115280
116673
103429
85994
43429
165813
136144
47602
69321
152096
161169
158529
124458
9787
43427
12179
42263
2208
151696
150995
85399
73663
141242
129064
144450
156583
154413
67772
161242
59814
92963
126163
14036
166641
28478
69773
43111
61536
50883
97545
47432
24946
117128
119349
99779
80414
141554
76147
59652
21472
114612
134187
18054
81605
69546
142346
86726
64235
68976
41378
142952
166930
82231
3488
53096
15052
55783
2566
82885
25513
113279
130219
132724
4335
109425
155204
143529
24681
68868
36088
18159
132391
88453
33351
42554
78085
25785
43993
150952
3394
93087
76665
76622
126898
83465
4064
49439
10393
135417
76932
19577
123688
149958
53681
145841
166289
149480
108584
39486
36714
111298
52864
24094
72917
55564
28239
163096
83279
67292
134291
128615
102231
167811
154492
149351
150067
57898
14903
69223
155871
41388
8889
29344
108950
142080
30192
82675
31216
166639
22082
92236
11156
93545
74012
80802
121619
163922
70592
128253
6288
90254
85157
99316
129691
98983
128332
123446
69672
157117
83549
167919
99199
151944
107765
65443
98051
110379
119608
147363
19101
10951
11353
29480
28429
109267
78237
124213
130681
137986
51887
72150
22534
83457
13433
148987
53155
75168
44017
45060
106713
150393
15642
114306
136058
103606
111162
122445
104735
45856
99739
166469
160003
107554
126642
158515
106703
84564
97109
101993
144090
73330
142736
101059
85947
78611
72327
144916
39193
64140
166393
44119
15217
88814
157869
56858
141739
29613
84648
65520
16480
100551
141664
36068
89627
29868
568
40274
92849
110014
26805
154607
139840
65552
61929
137435
45216
124304
83320
114041
122802
42439
1587
161846
114159
32001
140205
8928
49943
4419
40284
106775
43568
73716
39685
32783
103754
166480
23369
99125
128250
149904
30370
130101
101415
34531
5258
148471
22216
103397
16850
83159
110753
67009
113209
124750
166794
50775
58743
156410
6692
168048
164776
29927
139806
154463
95427
125354
112750
112249
131222
103507
65804
136131
47243
106182
80779
40776
3746
11099
127024
66282
159170
120764
108446
23518
78305
15062
41316
143715
41259
129438
6016
979
159951
144082
76682
113663
126378
134736
120346
84780
80389
89840
62533
162129
28224
112823
155599
146659
167954
141693
66809
128446
31876
58005
75823
145290
127647
12861
147137
24938
140875
28263
142426
121573
111931
30939
35213
8977
23521
150165
68722
98378
149754
39268
132379
58375
150768
41904
7354
122440
151618
148420
145637
156339
113790
1422
140493
96196
70558
4535
15795
32659
32434
167251
77801
141093
4431
109552
52778
128338
43137
48996
88556
24222
158952
94961
166129
153182
5122
69743
119290
166143
86450
69520
112242
68104
59681
29210
116218
4974
28072
135329
85107
7973
27615
167264
104648
49373
71090
148606
20196
14670
83422
80369
104988
107204
22311
3449
8226
150248
4395
44278
102023
7833
87916
63462
152470
55674
81356
110522
78962
39614
162742
28969
50055
19261
146809
152943
64855
133656
22479
105365
53387
75053
119159
5008
16946
86510
44418
154094
136342
132179
